-0.047455
0.031682
0.072884
-0.116705
0.092156
0.030619
0.093995
0.032703
0.139496
-0.112575
0.213216
0.144344
-0.072023
0.079251
0.053393
-0.209574
0.071454
-0.070276
-0.030013
-0.072315
-0.051390
0.008612
0.011611
-0.187172
-0.032257
-0.161441
-0.152554
-0.041651
0.102677
0.075733
-0.072588
-0.085284
-0.099328
0.017136
0.112442
0.002167
0.083165
0.037864
0.180574
-0.240898
-0.255825
-0.023822
0.076415
-0.049285
0.051114
-0.140881
-0.151186
-0.086023
0.100999
0.083596
-0.085624
0.021743
-0.077739
0.002408
-0.133768
-0.005589
-0.088325
-0.005325
-0.078276
-0.098648
0.013617
-0.040551
0.002602
-0.050310
0.073678
-0.097921
0.092287
0.159900
-0.032279
0.209512
0.243660
0.053190
-0.162977
-0.193960
-0.021102
0.213196
0.068973
0.091000
-0.030121
-0.089333
0.044648
-0.133106
-0.023643
0.061362
0.004314
0.062973
-0.053538
0.071810
0.048577
-0.198043
-0.125121
-0.086851
0.078701
0.036264
0.033972
0.020760
0.076407
0.113487
-0.066592
-0.190985
0.080111
-0.025141
0.005859
-0.020865
-0.133561
-0.181350
0.115759
0.131223
0.111793
0.024998
0.032235
-0.050291
0.008165
-0.048359
-0.065268
0.024634
0.203852
-0.226114
0.072210
0.081110
-0.145786
0.037629
0.012194
-0.055700
-0.059582
-0.168807
0.204942
0.281819
0.190440
-0.034549
0.034295
0.045283
-0.097590
-0.031034
0.064015
-0.050615
-0.211254
-0.152222
0.030611
-0.040463
-0.035809
0.162782
0.010178
-0.086126
-0.007799
0.259052
-0.135229
0.214518
0.173060
-0.019219
-0.040323
0.170324
0.029288
-0.063725
0.218818
0.020947
0.039873
0.004624
-0.036172
0.014910
-0.044429
0.060928
0.126704
0.130275
0.143024
0.179527
0.091360
-0.072567
0.115504
-0.197983
-0.085638
0.034810
-0.201967
0.176695
-0.122130
-0.179807
-0.091408
-0.091717
-0.003155
-0.018960
0.123779
-0.019981
0.021074
-0.118844
0.059693
-0.093034
-0.233887
0.156522
-0.126822
-0.130816
-0.105243
0.078165
-0.182883
-0.047796
0.069253
0.227723
-0.034776
0.006702
-0.104111
0.237849
-0.016875
-0.007511
0.017613
-0.109979
-0.001224
-0.151411
0.178732
-0.017944
-0.019792
0.140239
-0.145960
0.168217
0.182746
-0.092348
0.082922
-0.011714
0.105966
0.005037
-0.108063
0.075403
-0.026227
0.021518
0.117219
0.145891
0.075533
-0.170601
0.083365
-0.036074
0.128721
-0.023510
0.171187
0.061713
0.000008
0.035207
-0.211761
0.068884
0.013798
-0.131668
0.048859
0.038326
0.042931
-0.013853
0.094659
0.096212
0.011235
-0.007337
-0.054477
-0.071437
0.073440
-0.065534
-0.169534
0.029527
0.132942
-0.032846
0.104227
0.057803
-0.121031
0.038712
-0.013072
0.081899
-0.334407
0.099795
0.089005
-0.111014
0.128419
-0.018164
0.022149
0.103987
0.161648
0.020841
0.082628
0.053573
-0.087013
0.197474
0.093798
0.018811
0.130125
0.066504
-0.065088
0.122051
0.009419
0.076378
0.116768
0.115901
0.227990
0.026206
-0.017610
-0.084410
-0.072363
0.083204
0.054188
-0.100195
-0.069930
-0.049036
0.190809
-0.107716
0.047692
-0.190853
-0.022955
0.170888
-0.145285
0.142897
-0.221632
0.011438
-0.127650
0.002283
-0.024179
0.102170
0.037086
0.024772
-0.060458
0.058410
-0.091079
-0.072259
-0.070518
0.072684
0.275910
-0.003093
0.234981
-0.117253
-0.066976
0.067121
0.077807
0.096166
0.194037
-0.019444
0.135049
0.034845
-0.333802
-0.113786
-0.057727
0.018807
0.069073
-0.027415
0.162808
-0.110798
0.002612
0.115846
-0.129118
0.156169
0.119854
-0.013796
0.006122
-0.004850
0.008210
0.155000
0.067393
-0.159385
-0.179223
0.077720
-0.309436
-0.183547
-0.068523
0.001952
0.166498
0.025641
0.425332
0.029987
0.106904
0.125939
-0.008622
0.118209
0.075446
0.032295
-0.071891
-0.047296
0.099383
-0.000395
0.052238
0.052284
0.037229
0.005661
0.074309
0.103414
0.168546
0.063891
-0.063502
-0.077097
0.080326
-0.178637
-0.058241
0.128567
-0.035568
-0.074285
0.151540
-0.313704
-0.005167
-0.050824
-0.054549
0.112620
0.183487
0.139624
0.078444
0.042973
-0.025110
0.004384
-0.190088
-0.058537
0.075359
-0.010388
0.102756
-0.182062
-0.063267
-0.115878
0.129965
-0.027434
-0.031135
-0.142273
-0.056209
-0.116781
-0.064308
0.263858
-0.134091
-0.027315
-0.103142
0.159817
-0.112658
-0.100243
0.047167
0.201584
0.031016
-0.064948
-0.302595
-0.430306
-0.006867
0.005786
0.143974
0.058516
-0.028708
0.155792
0.209222
-0.075925
0.113442
0.145301
-0.089239
0.069900
-0.001637
0.142846
0.134774
-0.252000
-0.024970
0.166580
0.063207
-0.121044
-0.055532
-0.126387
0.041237
-0.154098
0.148451
0.103621
0.203562
0.131273
0.124618
0.112430
0.071683
-0.228343
0.070040
-0.090325
-0.283075
0.192904
0.003140
-0.190800
0.040638
0.056055
0.027300
0.180614
-0.129172
0.111890
-0.113082
0.060576
0.081859
-0.054037
0.306546
-0.213043
-0.174187
-0.052174
-0.103553
0.140064
-0.066382
0.163745
-0.049474
0.100456
0.099647
0.017600
0.089550
0.045727
0.257473
0.289392
-0.037120
0.063124
0.142852
0.072645
0.240968
0.321484
-0.233364
-0.061384
0.164723
0.068449
-0.080675
-0.023949
0.020744
0.203913
-0.109499
0.030601
0.182971
0.131305
-0.011181
-0.028563
-0.210016
-0.200834
-0.101534
0.105107
0.102539
0.160475
0.114052
0.095787
0.024645
-0.091658
0.150710
-0.041280
-0.214149
0.057903
0.014528
0.296121
-0.028469
0.045638
-0.135435
0.085300
0.034682
-0.095033
0.031718
-0.151116
0.071681
-0.053365
0.044973
-0.107823
-0.091316
-0.018206
0.101622
0.016841
-0.284914
0.081554
-0.012433
0.077319
0.139356
0.100332
-0.087140
-0.042944
0.060955
0.122339
-0.092274
-0.075861
-0.118602
0.049386
-0.086275
0.280263
0.101147
0.143494
0.073961
-0.070953
-0.306403
0.176558
0.038040
-0.227191
0.343025
0.091187
0.193795
-0.028766
-0.212907
-0.093280
0.096669
-0.253848
-0.063255
0.139665
0.130517
0.010557
-0.308500
-0.030604
0.156511
0.106290
-0.046601
0.046921
0.070643
-0.046383
-0.087758
-0.083392
-0.100350
-0.008030
-0.003700
0.071620
0.072144
-0.015182
-0.256524
0.068707
-0.106522
0.211000
-0.034770
0.271911
0.078776
0.203747
0.025788
0.063927
-0.048913
-0.054720
-0.054646
0.092179
-0.133407
0.125049
-0.029309
0.077675
-0.116217
0.009289
-0.203407
-0.075795
-0.022362
-0.120763
-0.026798
0.014731
0.016816
-0.245073
-0.036115
-0.025445
-0.102022
-0.115378
0.230978
0.100768
0.119422
0.143491
-0.112451
-0.030742
-0.212451
0.022652
-0.229856
-0.086804
0.089395
0.064838
-0.117819
-0.107881
0.156437
0.053535
-0.060532
0.017321
0.014872
-0.129224
-0.066523
-0.252727
0.028581
0.009937
0.124530
0.123603
-0.054523
0.192192
-0.087819
0.112812
-0.062345
-0.074531
-0.149256
-0.007477
0.270895
0.018715
0.056790
-0.040749
0.060616
0.075046
0.057432
0.165275
-0.002698
0.050551
0.186294
0.075575
-0.089420
0.153809
0.077611
-0.096023
-0.092768
-0.046312
0.100196
0.041295
0.119545
0.297649
0.209824
0.014936
-0.078043
0.168938
-0.083315
-0.091889
-0.012126
0.035642
-0.029013
0.033539
-0.321082
-0.042519
0.005915
0.086944
0.043716
-0.025353
0.301368
0.120045
0.076540
0.039783
0.057552
-0.096056
-0.120672
0.030011
-0.188936
0.073645
-0.044451
0.087195
0.016462
-0.097169
-0.082476
-0.047375
0.158602
0.167516
-0.020521
0.018148
-0.093612
0.171626
0.031235
-0.075387
-0.155106
0.064241
0.226856
0.012904
-0.105499
-0.102474
-0.066708
-0.271320
0.109235
-0.067311
-0.218638
-0.351364
0.041417
0.025767
0.171106
0.119860
-0.049051
-0.206338
0.024958
-0.069071
0.010148
-0.190748
-0.036002
-0.027317
-0.154047
-0.210400
-0.266475
0.008701
0.144165
-0.004838
-0.309753
-0.006175
-0.201685
0.028353
0.207290
0.041474
-0.311151
0.125267
0.039383
0.225670
0.059998
0.082867
-0.215968
0.170915
-0.149182
-0.242277
0.060428
0.087224
0.173330
0.138146
0.044062
0.039506
0.103282
0.043138
0.054910
-0.244140
-0.013234
-0.044228
0.061035
-0.095507
0.112353
0.089403
-0.135230
0.003064
0.065264
-0.130236
-0.289982
-0.030014
0.029341
0.002065
0.130144
0.035779
0.193462
-0.068472
0.198509
-0.034943
0.060135
-0.225727
-0.093191
0.142886
0.008018
0.001244
-0.145047
0.095472
-0.119934
0.175847
0.073877
-0.067495
-0.098358
-0.063176
0.045400
0.030069
-0.194424
0.041761
-0.129017
0.220966
-0.227062
0.112760
-0.143715
0.045965
0.142263
0.056715
-0.141428
-0.185440
0.177852
-0.097303
0.094181
0.144132
-0.199392
0.237783
-0.015286
-0.023862
-0.118632
0.027985
0.058085
0.126883
0.125250
0.123947
-0.013250
-0.011031
0.015548
0.023005
0.152989
0.111171
-0.019474
-0.110736
-0.230018
-0.026165
0.002341
-0.225460
-0.043307
0.030568
0.026105
-0.170088
-0.080575
-0.175520
0.102451
0.033353
0.313134
-0.072346
0.182996
0.003924
0.010281
0.126938
-0.232572
-0.143769
0.183210
0.120882
0.225174
0.067928
-0.057317
0.103197
-0.052401
-0.008098
-0.014542
-0.104086
0.255089
0.087064
0.016335
0.047541
-0.068409
-0.044624
0.014765
0.039216
-0.260733
0.158492
-0.246851
-0.116206
-0.167783
0.012768
-0.212719
0.118766
0.082963
0.111563
0.095795
-0.039981
0.029021
-0.116335
-0.052832
0.051807
-0.152875
-0.036535
-0.060897
0.106609
0.063492
-0.053130
0.095617
0.232754
0.131605
0.011210
0.015277
-0.116832
-0.065246
0.033502
0.045278
-0.171852
-0.150326
-0.148053
-0.139280
-0.077333
-0.020222
-0.143301
-0.085529
-0.239479
-0.030485
0.025854
-0.069012
-0.191896
0.284031
-0.103524
0.046465
-0.267005
-0.095130
0.011287
-0.015118
0.012540
0.000740
-0.095854
-0.114602
-0.029104
-0.085364
-0.079047
0.041863
0.019935
-0.062489
0.122004
-0.015841
-0.037140
0.091351
0.021795
-0.197952
0.047814
-0.200527
-0.045866
0.026908
0.070421
-0.116436
-0.051732
0.085164
0.233746
0.228428
0.094039
0.192859
-0.071415
-0.033562
0.090647
0.090605
-0.189176
0.135032
-0.108277
-0.019004
-0.143753
-0.047937
0.121973
-0.160688
-0.081520
-0.004626
0.065702
0.200224
0.010528
0.121701
-0.190949
-0.067935
-0.290742
0.133987
-0.073775
0.068578
-0.131235
-0.136477
-0.125878
-0.090017
-0.041367
-0.210991
0.004971
0.062421
-0.223513
-0.191567
-0.143787
-0.116106
0.201663
0.082869
-0.158424
0.319689
0.089737
-0.159039
-0.209279
0.039920
-0.206887
0.012344
0.098112
-0.108719
-0.096151
-0.107771
0.149933
0.071502
0.052591
0.095084
-0.009331
-0.083835
0.031691
0.103882
-0.024162
-0.032259
-0.119208
0.162413
0.087705
0.021077
0.019876
0.042331
0.007464
0.116060
0.021463
0.090392
0.007024
-0.069657
0.136722
0.140068
0.184745
-0.051355
-0.075986
-0.223457
0.006780
-0.099264
0.144155
-0.139639
0.114871
-0.148430
-0.014132
0.152576
-0.056602
0.046833
0.084289
-0.162033
0.271306
-0.162324
-0.035830
0.023912
0.049340
0.120735
0.143306
-0.160969
-0.020215
-0.249592
0.033104
-0.080622
0.041877
-0.205616
-0.135522
0.059533
0.086546
-0.039111
-0.054964
-0.067527
-0.070777
-0.072996
0.308018
0.085604
-0.192365
-0.052051
-0.122994
0.018996
0.256462
0.149160
0.017324
0.048083
-0.015047
-0.121360
-0.071733
0.133425
-0.189571
0.153189
0.281018
0.008578
0.136600
0.023207
-0.033091
-0.244566
-0.087450
0.187179
0.010678
-0.037239
0.190062
-0.007563
-0.235366
-0.063525
0.182838
0.139380
-0.037944
0.100883
-0.011798
0.298220
0.092542
0.148161
0.063333
0.137299
0.089224
0.020396
-0.044997
-0.032054
-0.005335
0.102583
0.089292
0.178793
-0.009849
0.033803
-0.241405
-0.074534
-0.069485
0.008220
0.023827
-0.050350
0.054441
-0.049082
0.004367
-0.069781
0.028703
-0.066161
-0.022267
-0.092565
-0.157441
0.158411
-0.088198
0.130442
-0.038430
-0.001829
0.010719
-0.103458
-0.203208
0.094664
0.026473
-0.196484
-0.086752
-0.076412
0.130695
0.061631
-0.002258
0.132455
0.048894
-0.088322
-0.167488
0.116614
-0.205527
0.142429
-0.215993
-0.080275
0.145383
0.105110
0.139144
-0.180026
-0.038082
-0.008896
-0.051537
-0.072828
0.033185
-0.001201
-0.117297
-0.070656
-0.034435
-0.006334
-0.033877
-0.186536
0.008146
0.057796
0.186577
-0.062967
0.107723
-0.067602
0.150700
-0.015953
0.012427
-0.024881
0.019365
0.022816
-0.165249
0.080825
-0.120863
-0.020364
0.114746
-0.024496
-0.077016
0.203887
0.170358
0.172682
0.128677
0.062664
0.028833
-0.169941
-0.108277
-0.098812
0.133514
0.293395
0.099382
-0.020459
0.169039
-0.004323
-0.024497
-0.004889
0.137491
0.153741
0.039537
-0.121768
0.106066
-0.092514
-0.108284
-0.067321
-0.128371
-0.085962
0.210560
-0.117711
-0.008570
-0.181487
-0.098564
-0.044105
0.013145
0.012591
-0.008899
-0.085464
0.178958
0.085993
-0.065962
-0.028940
-0.054705
-0.002736
-0.077102
0.088652
0.113417
-0.015355
0.044081
-0.069128
0.152455
-0.047601
0.060877
0.044881
-0.112043
-0.218272
-0.091478
-0.126935
-0.078305
-0.010425
-0.010850
-0.065972
0.208464
-0.148049
0.113800
0.088443
-0.099861
0.240981
0.159168
0.040009
0.057532
0.008978
0.076598
-0.059694
0.140583
0.123085
-0.044010
-0.178340
0.139335
0.024284
-0.105861
0.176916
0.027138
-0.182105
0.115438
-0.139673
-0.228298
-0.089248
-0.025560
-0.226463
0.284167
0.034810
0.024704
-0.024406
0.035933
-0.100003
-0.034085
0.140440
-0.034366
0.026974
-0.025994
0.230785
0.147917
0.053428
0.095156
0.045368
0.039914
0.335766
-0.269007
-0.017520
0.007684
0.118649
-0.182119
-0.077109
0.051355
-0.232323
0.069025
0.268352
-0.113685
-0.247967
0.084192
-0.032948
0.257371
-0.047845
-0.077036
0.146614
0.159878
0.136413
0.282026
0.075040
0.008823
-0.062795
-0.013100
-0.054368
-0.064970
-0.129397
-0.286792
0.055479
0.052479
-0.205275
0.108997
-0.340665
-0.060178
0.018974
-0.042911
0.092001
0.150523
0.149186
0.016155
0.199822
-0.043828
-0.066096
-0.077065
-0.087601
-0.050169
-0.161648
-0.199203
0.191583
0.073896
0.122149
0.044522
-0.128228
0.161160
0.092799
-0.147350
0.094490
-0.255432
0.125790
-0.103677
0.126974
-0.102820
0.133452
0.045878
0.075615
0.036018
0.066637
0.084035
0.098304
-0.277047
-0.046349
-0.065374
-0.036855
-0.016905
0.248292
0.069129
-0.173300
-0.055066
0.120220
-0.134103
0.028675
-0.071865
0.044450
-0.025004
-0.004146
-0.032461
-0.102063
0.153227
0.046927
0.015261
0.190653
0.034558
-0.003644
0.026769
-0.047846
-0.097976
0.227443
-0.098149
0.153479
0.058125
