-0.031992
0.021359
0.049135
-0.078678
0.062128
0.020642
0.063367
0.022047
0.094042
-0.075893
0.143741
0.097310
-0.048555
0.053428
0.035995
-0.141286
0.048171
-0.047377
-0.020234
-0.048752
-0.034645
0.005806
0.007828
-0.126183
-0.021747
-0.108837
-0.102845
-0.028079
0.069220
0.051056
-0.048935
-0.057495
-0.066963
0.011552
0.075804
0.001461
0.056066
0.025526
0.121735
-0.162403
-0.172466
-0.016060
0.051516
-0.033226
0.034459
-0.094976
-0.101923
-0.057993
0.068089
0.056357
-0.057724
0.014658
-0.052408
0.001623
-0.090181
-0.003768
-0.059545
-0.003590
-0.052770
-0.066504
0.009180
-0.027338
0.001754
-0.033917
0.049671
-0.066014
0.062216
0.107798
-0.021761
0.141244
0.164265
0.035858
-0.109872
-0.130759
-0.014226
0.143727
0.046499
0.061348
-0.020307
-0.060224
0.030100
-0.089734
-0.015939
0.041368
0.002908
0.042453
-0.036093
0.048411
0.032749
-0.133512
-0.084351
-0.058551
0.053057
0.024448
0.022902
0.013996
0.051511
0.076508
-0.044894
-0.128754
0.054007
-0.016949
0.003950
-0.014066
-0.090041
-0.122258
0.078040
0.088465
0.075366
0.016853
0.021732
-0.033904
0.005504
-0.032602
-0.044001
0.016607
0.137429
-0.152436
0.048681
0.054681
-0.098283
0.025368
0.008221
-0.037550
-0.040168
-0.113803
0.138163
0.189990
0.128387
-0.023291
0.023120
0.030528
-0.065791
-0.020922
0.043156
-0.034122
-0.142418
-0.102622
0.020636
-0.027279
-0.024141
0.109740
0.006862
-0.058063
-0.005258
0.174641
-0.091166
0.144619
0.116669
-0.012957
-0.027184
0.114825
0.019745
-0.042961
0.147517
0.014122
0.026881
0.003117
-0.024385
0.010052
-0.029952
0.041075
0.085419
0.087826
0.096420
0.121029
0.061591
-0.048921
0.077868
-0.133472
-0.057734
0.023467
-0.136157
0.119120
-0.082335
-0.121218
-0.061623
-0.061832
-0.002127
-0.012782
0.083446
-0.013470
0.014207
-0.080120
0.040243
-0.062720
-0.157677
0.105520
-0.085498
-0.088190
-0.070950
0.052695
-0.123292
-0.032222
0.046688
0.153521
-0.023444
0.004518
-0.070187
0.160347
-0.011376
-0.005063
0.011874
-0.074143
-0.000825
-0.102075
0.120493
-0.012097
-0.013343
0.094543
-0.098400
0.113405
0.123199
-0.062257
0.055903
-0.007897
0.071438
0.003396
-0.072851
0.050834
-0.017681
0.014506
0.079024
0.098353
0.050921
-0.115012
0.056201
-0.024320
0.086778
-0.015850
0.115407
0.041604
0.000005
0.023735
-0.142760
0.046439
0.009302
-0.088765
0.032939
0.025838
0.028943
-0.009339
0.063815
0.064862
0.007574
-0.004946
-0.036726
-0.048159
0.049510
-0.044180
-0.114292
0.019906
0.089624
-0.022143
0.070265
0.038968
-0.081594
0.026098
-0.008813
0.055213
-0.225443
0.067277
0.060003
-0.074841
0.086575
-0.012245
0.014932
0.070103
0.108976
0.014050
0.055704
0.036117
-0.058660
0.133128
0.063234
0.012682
0.087725
0.044834
-0.043879
0.082282
0.006350
0.051491
0.078720
0.078135
0.153701
0.017667
-0.011872
-0.056906
-0.048784
0.056092
0.036531
-0.067547
-0.047143
-0.033058
0.128635
-0.072617
0.032152
-0.128665
-0.015476
0.115206
-0.097945
0.096335
-0.149415
0.007711
-0.086056
0.001539
-0.016300
0.068878
0.025002
0.016700
-0.040758
0.039378
-0.061402
-0.048714
-0.047540
0.049000
0.186006
-0.002085
0.158414
-0.079047
-0.045153
0.045250
0.052454
0.064831
0.130812
-0.013108
0.091044
0.023491
-0.225035
-0.076710
-0.038917
0.012679
0.046566
-0.018482
0.109758
-0.074695
0.001761
0.078098
-0.087046
0.105282
0.080801
-0.009301
0.004127
-0.003270
0.005535
0.104494
0.045434
-0.107451
-0.120824
0.052395
-0.208608
-0.123739
-0.046195
0.001316
0.112246
0.017286
0.286741
0.020216
0.072070
0.084902
-0.005812
0.079691
0.050862
0.021772
-0.048466
-0.031885
0.067000
-0.000266
0.035217
0.035248
0.025098
0.003816
0.050096
0.069718
0.113626
0.043072
-0.042811
-0.051975
0.054152
-0.120430
-0.039264
0.086674
-0.023979
-0.050080
0.102162
-0.211486
-0.003484
-0.034263
-0.036775
0.075924
0.123699
0.094129
0.052883
0.028970
-0.016928
0.002955
-0.128149
-0.039463
0.050804
-0.007003
0.069273
-0.122738
-0.042652
-0.078120
0.087617
-0.018495
-0.020990
-0.095915
-0.037894
-0.078729
-0.043353
0.177881
-0.090398
-0.018415
-0.069534
0.107742
-0.075949
-0.067580
0.031798
0.135899
0.020909
-0.043785
-0.203997
-0.290093
-0.004629
0.003901
0.097061
0.039449
-0.019354
0.105028
0.141049
-0.051185
0.076478
0.097956
-0.060161
0.047123
-0.001104
0.096301
0.090859
-0.169888
-0.016834
0.112301
0.042611
-0.081603
-0.037437
-0.085205
0.027800
-0.103886
0.100079
0.069857
0.137233
0.088498
0.084012
0.075796
0.048325
-0.153939
0.047218
-0.060893
-0.190837
0.130047
0.002117
-0.128629
0.027397
0.037790
0.018404
0.121762
-0.087082
0.075432
-0.076235
0.040838
0.055186
-0.036429
0.206660
-0.143625
-0.117430
-0.035173
-0.069811
0.094425
-0.044752
0.110390
-0.033353
0.067723
0.067178
0.011865
0.060371
0.030827
0.173577
0.195096
-0.025025
0.042555
0.096305
0.048974
0.162450
0.216731
-0.157324
-0.041382
0.111049
0.046145
-0.054388
-0.016145
0.013984
0.137470
-0.073820
0.020630
0.123351
0.088520
-0.007538
-0.019256
-0.141584
-0.135393
-0.068450
0.070858
0.069127
0.108185
0.076889
0.064576
0.016614
-0.061792
0.101602
-0.027829
-0.144370
0.039035
0.009794
0.199632
-0.019192
0.030767
-0.091304
0.057506
0.023381
-0.064067
0.021383
-0.101876
0.048324
-0.035976
0.030319
-0.072690
-0.061561
-0.012274
0.068509
0.011354
-0.192077
0.054981
-0.008382
0.052125
0.093948
0.067639
-0.058746
-0.028951
0.041093
0.082476
-0.062207
-0.051142
-0.079956
0.033294
-0.058163
0.188941
0.068189
0.096737
0.049861
-0.047833
-0.206563
0.119028
0.025645
-0.153162
0.231253
0.061475
0.130648
-0.019393
-0.143533
-0.062885
0.065170
-0.171134
-0.042644
0.094156
0.087989
0.007117
-0.207977
-0.020632
0.105513
0.071656
-0.031416
0.031632
0.047624
-0.031270
-0.059163
-0.056220
-0.067652
-0.005413
-0.002494
0.048283
0.048636
-0.010235
-0.172938
0.046319
-0.071813
0.142247
-0.023441
0.183311
0.053108
0.137358
0.017385
0.043097
-0.032975
-0.036890
-0.036840
0.062143
-0.089937
0.084303
-0.019759
0.052365
-0.078349
0.006262
-0.137128
-0.051098
-0.015075
-0.081413
-0.018066
0.009931
0.011337
-0.165218
-0.024347
-0.017154
-0.068779
-0.077783
0.155715
0.067934
0.080509
0.096735
-0.075810
-0.020725
-0.143226
0.015271
-0.154959
-0.058520
0.060266
0.043711
-0.079429
-0.072729
0.105463
0.036091
-0.040808
0.011677
0.010026
-0.087117
-0.044847
-0.170378
0.019268
0.006699
0.083953
0.083328
-0.036757
0.129567
-0.059203
0.076053
-0.042031
-0.050245
-0.100622
-0.005041
0.182626
0.012617
0.038285
-0.027471
0.040865
0.050593
0.038719
0.111421
-0.001819
0.034079
0.125592
0.050950
-0.060283
0.103691
0.052322
-0.064735
-0.062540
-0.031221
0.067548
0.027839
0.080592
0.200662
0.141455
0.010069
-0.052613
0.113891
-0.056167
-0.061947
-0.008175
0.024028
-0.019559
0.022611
-0.216459
-0.028665
0.003988
0.058614
0.029472
-0.017092
0.203169
0.080929
0.051600
0.026820
0.038799
-0.064757
-0.081352
0.020232
-0.127373
0.049649
-0.029967
0.058783
0.011098
-0.065507
-0.055602
-0.031938
0.106923
0.112932
-0.013835
0.012235
-0.063109
0.115703
0.021057
-0.050822
-0.104566
0.043309
0.152937
0.008700
-0.071123
-0.069083
-0.044972
-0.182913
0.073642
-0.045378
-0.147396
-0.236874
0.027922
0.017371
0.115352
0.080804
-0.033068
-0.139104
0.016826
-0.046564
0.006841
-0.128594
-0.024271
-0.018416
-0.103852
-0.141843
-0.179646
0.005866
0.097190
-0.003262
-0.208822
-0.004163
-0.135967
0.019114
0.139746
0.027960
-0.209764
0.084450
0.026550
0.152137
0.040448
0.055865
-0.145596
0.115223
-0.100572
-0.163332
0.040738
0.058803
0.116852
0.093132
0.029705
0.026633
0.069628
0.029082
0.037018
-0.164589
-0.008921
-0.029817
0.041147
-0.064386
0.075743
0.060271
-0.091166
0.002065
0.043998
-0.087799
-0.195493
-0.020234
0.019780
0.001392
0.087737
0.024120
0.130424
-0.046161
0.133826
-0.023557
0.040541
-0.152175
-0.062825
0.096328
0.005405
0.000839
-0.097785
0.064363
-0.080854
0.118548
0.049804
-0.045502
-0.066309
-0.042590
0.030606
0.020272
-0.131072
0.028153
-0.086977
0.148966
-0.153075
0.076018
-0.096887
0.030988
0.095907
0.038235
-0.095345
-0.125016
0.119900
-0.065598
0.063493
0.097168
-0.134422
0.160303
-0.010305
-0.016087
-0.079976
0.018866
0.039159
0.085539
0.084438
0.083560
-0.008933
-0.007437
0.010482
0.015509
0.103139
0.074947
-0.013129
-0.074653
-0.155068
-0.017640
0.001578
-0.151995
-0.029196
0.020608
0.017599
-0.114666
-0.054320
-0.118328
0.069068
0.022485
0.211101
-0.048772
0.123368
0.002645
0.006931
0.085576
-0.156790
-0.096923
0.123512
0.081493
0.151803
0.045794
-0.038640
0.069571
-0.035326
-0.005460
-0.009803
-0.070170
0.171970
0.058695
0.011013
0.032050
-0.046118
-0.030083
0.009954
0.026438
-0.175775
0.106848
-0.166416
-0.078341
-0.113112
0.008608
-0.143406
0.080067
0.055930
0.075211
0.064581
-0.026954
0.019565
-0.078428
-0.035617
0.034926
-0.103062
-0.024630
-0.041054
0.071871
0.042804
-0.035818
0.064461
0.156913
0.088723
0.007557
0.010299
-0.078763
-0.043986
0.022586
0.030525
-0.115855
-0.101343
-0.099811
-0.093897
-0.052134
-0.013633
-0.096607
-0.057660
-0.161446
-0.020551
0.017430
-0.046525
-0.129368
0.191481
-0.069791
0.031324
-0.180003
-0.064133
0.007609
-0.010192
0.008454
0.000499
-0.064621
-0.077259
-0.019620
-0.057549
-0.053290
0.028222
0.013439
-0.042127
0.082250
-0.010679
-0.025038
0.061585
0.014693
-0.133451
0.032234
-0.135187
-0.030921
0.018140
0.047475
-0.078496
-0.034875
0.057414
0.157582
0.153997
0.063397
0.130018
-0.048145
-0.022626
0.061110
0.061082
-0.127534
0.091033
-0.072995
-0.012812
-0.096912
-0.032317
0.082229
-0.108329
-0.054958
-0.003119
0.044294
0.134983
0.007097
0.082045
-0.128729
-0.045799
-0.196005
0.090328
-0.049736
0.046232
-0.088473
-0.092007
-0.084861
-0.060685
-0.027888
-0.142241
0.003351
0.042082
-0.150683
-0.129146
-0.096935
-0.078274
0.135952
0.055866
-0.106803
0.215521
0.060497
-0.107217
-0.141087
0.026912
-0.139474
0.008322
0.066143
-0.073294
-0.064821
-0.072654
0.101079
0.048203
0.035454
0.064101
-0.006291
-0.056518
0.021365
0.070032
-0.016289
-0.021748
-0.080365
0.109492
0.059127
0.014209
0.013400
0.028538
0.005032
0.078242
0.014469
0.060939
0.004735
-0.046960
0.092172
0.094428
0.124547
-0.034621
-0.051227
-0.150645
0.004571
-0.066920
0.097183
-0.094139
0.077441
-0.100065
-0.009527
0.102860
-0.038158
0.031573
0.056824
-0.109235
0.182903
-0.109432
-0.024155
0.016120
0.033263
0.081395
0.096611
-0.108519
-0.013628
-0.168264
0.022318
-0.054352
0.028232
-0.138618
-0.091363
0.040135
0.058346
-0.026367
-0.037055
-0.045524
-0.047715
-0.049211
0.207652
0.057710
-0.129684
-0.035090
-0.082917
0.012806
0.172895
0.100557
0.011679
0.032416
-0.010144
-0.081816
-0.048359
0.089949
-0.127800
0.103274
0.189450
0.005783
0.092090
0.015645
-0.022308
-0.164876
-0.058955
0.126188
0.007199
-0.025105
0.128132
-0.005099
-0.158674
-0.042826
0.123262
0.093964
-0.025580
0.068011
-0.007954
0.201047
0.062388
0.099884
0.042696
0.092561
0.060151
0.013750
-0.030335
-0.021609
-0.003597
0.069157
0.060197
0.120535
-0.006640
0.022789
-0.162745
-0.050248
-0.046843
0.005541
0.016063
-0.033944
0.036702
-0.033089
0.002944
-0.047044
0.019350
-0.044603
-0.015011
-0.062403
-0.106140
0.106794
-0.059459
0.087938
-0.025908
-0.001233
0.007226
-0.069747
-0.136994
0.063818
0.017847
-0.132461
-0.058484
-0.051513
0.088109
0.041549
-0.001522
0.089295
0.032962
-0.059543
-0.112913
0.078616
-0.138557
0.096019
-0.145613
-0.054118
0.098011
0.070860
0.093805
-0.121366
-0.025673
-0.005997
-0.034744
-0.049097
0.022372
-0.000810
-0.079076
-0.047633
-0.023214
-0.004270
-0.022838
-0.125754
0.005491
0.038963
0.125782
-0.042450
0.072622
-0.045574
0.101595
-0.010755
0.008378
-0.016774
0.013055
0.015382
-0.111404
0.054489
-0.081480
-0.013728
0.077357
-0.016514
-0.051921
0.137452
0.114848
0.116414
0.086748
0.042245
0.019438
-0.114567
-0.072996
-0.066615
0.090009
0.197795
0.066999
-0.013793
0.113959
-0.002915
-0.016515
-0.003296
0.092690
0.103646
0.026654
-0.082091
0.071505
-0.062369
-0.073000
-0.045385
-0.086542
-0.057952
0.141951
-0.079356
-0.005777
-0.122351
-0.066448
-0.029734
0.008862
0.008488
-0.005999
-0.057616
0.120646
0.057973
-0.044469
-0.019510
-0.036880
-0.001845
-0.051979
0.059765
0.076461
-0.010352
0.029718
-0.046603
0.102778
-0.032091
0.041040
0.030257
-0.075534
-0.147150
-0.061671
-0.085574
-0.052790
-0.007028
-0.007315
-0.044475
0.140537
-0.099808
0.076719
0.059624
-0.067322
0.162459
0.107304
0.026973
0.038786
0.006052
0.051639
-0.040243
0.094775
0.082979
-0.029670
-0.120229
0.093934
0.016371
-0.071367
0.119269
0.018295
-0.122767
0.077823
-0.094162
-0.153908
-0.060167
-0.017232
-0.152671
0.191573
0.023468
0.016655
-0.016454
0.024225
-0.067418
-0.022979
0.094679
-0.023168
0.018185
-0.017524
0.155585
0.099720
0.036019
0.064150
0.030585
0.026908
0.226359
-0.181353
-0.011811
0.005180
0.079988
-0.122777
-0.051984
0.034622
-0.156622
0.046533
0.180911
-0.076641
-0.167169
0.056759
-0.022212
0.173508
-0.032255
-0.051935
0.098841
0.107783
0.091964
0.190130
0.050589
0.005948
-0.042334
-0.008831
-0.036653
-0.043800
-0.087234
-0.193343
0.037402
0.035379
-0.138387
0.073481
-0.229662
-0.040569
0.012791
-0.028929
0.062023
0.101476
0.100575
0.010891
0.134711
-0.029547
-0.044559
-0.051954
-0.059057
-0.033822
-0.108976
-0.134294
0.129157
0.049818
0.082347
0.030015
-0.086446
0.108647
0.062561
-0.099337
0.063701
-0.172201
0.084802
-0.069895
0.085600
-0.069317
0.089967
0.030929
0.050976
0.024282
0.044924
0.056653
0.066273
-0.186773
-0.031247
-0.044072
-0.024846
-0.011397
0.167388
0.046604
-0.116831
-0.037123
0.081047
-0.090406
0.019331
-0.048448
0.029966
-0.016857
-0.002795
-0.021884
-0.068806
0.103299
0.031636
0.010288
0.128530
0.023298
-0.002457
0.018046
-0.032256
-0.066051
0.153332
-0.066168
0.103469
0.039185
