-0.032991
0.022025
0.050669
-0.081133
0.064067
0.021286
0.065345
0.022735
0.096977
-0.078262
0.148227
0.100347
-0.050070
0.055095
0.037119
-0.145696
0.049675
-0.048855
-0.020865
-0.050273
-0.035726
0.005987
0.008072
-0.130122
-0.022425
-0.112233
-0.106055
-0.028956
0.071380
0.052649
-0.050463
-0.059289
-0.069053
0.011913
0.078170
0.001506
0.057816
0.026323
0.125534
-0.167472
-0.177849
-0.016561
0.053123
-0.034263
0.035534
-0.097940
-0.105104
-0.059803
0.070214
0.058116
-0.059526
0.015116
-0.054044
0.001674
-0.092995
-0.003885
-0.061404
-0.003702
-0.054417
-0.068580
0.009467
-0.028191
0.001809
-0.034975
0.051221
-0.068074
0.064157
0.111162
-0.022440
0.145652
0.169392
0.036978
-0.113301
-0.134840
-0.014670
0.148213
0.047950
0.063263
-0.020940
-0.062104
0.031039
-0.092535
-0.016436
0.042659
0.002999
0.043778
-0.037220
0.049922
0.033771
-0.137679
-0.086984
-0.060379
0.054713
0.025211
0.023617
0.014432
0.053118
0.078896
-0.046295
-0.132772
0.055693
-0.017478
0.004073
-0.014505
-0.092851
-0.126074
0.080476
0.091226
0.077718
0.017379
0.022410
-0.034962
0.005676
-0.033619
-0.045374
0.017126
0.141718
-0.157194
0.050200
0.056388
-0.101350
0.026159
0.008477
-0.038722
-0.041422
-0.117354
0.142475
0.195920
0.132394
-0.024018
0.023842
0.031481
-0.067845
-0.021575
0.044503
-0.035187
-0.146863
-0.105825
0.021280
-0.028130
-0.024895
0.113165
0.007076
-0.059875
-0.005422
0.180092
-0.094011
0.149133
0.120311
-0.013361
-0.028032
0.118409
0.020361
-0.044302
0.152122
0.014563
0.027720
0.003215
-0.025146
0.010365
-0.030887
0.042357
0.088085
0.090567
0.099430
0.124807
0.063513
-0.050448
0.080298
-0.137637
-0.059536
0.024200
-0.140407
0.122838
-0.084904
-0.125002
-0.063546
-0.063762
-0.002194
-0.013181
0.086051
-0.013890
0.014651
-0.082620
0.041499
-0.064677
-0.162598
0.108814
-0.088166
-0.090943
-0.073164
0.054340
-0.127140
-0.033227
0.048145
0.158312
-0.024176
0.004659
-0.072378
0.165352
-0.011731
-0.005221
0.012245
-0.076457
-0.000851
-0.105260
0.124254
-0.012475
-0.013759
0.097494
-0.101471
0.116944
0.127045
-0.064200
0.057647
-0.008143
0.073668
0.003502
-0.075125
0.052420
-0.018233
0.014959
0.081490
0.101423
0.052511
-0.118602
0.057955
-0.025079
0.089486
-0.016344
0.119009
0.042903
0.000006
0.024476
-0.147215
0.047888
0.009593
-0.091535
0.033967
0.026644
0.029846
-0.009630
0.065807
0.066886
0.007811
-0.005100
-0.037872
-0.049663
0.051056
-0.045559
-0.117859
0.020527
0.092421
-0.022834
0.072458
0.040184
-0.084140
0.026912
-0.009088
0.056936
-0.232479
0.069377
0.061876
-0.077177
0.089277
-0.012628
0.015398
0.072291
0.112378
0.014488
0.057442
0.037244
-0.060491
0.137283
0.065208
0.013078
0.090463
0.046234
-0.045249
0.084850
0.006548
0.053098
0.081177
0.080574
0.158498
0.018218
-0.012242
-0.058682
-0.050307
0.057843
0.037671
-0.069655
-0.048615
-0.034090
0.132650
-0.074884
0.033155
-0.132681
-0.015959
0.118801
-0.101002
0.099342
-0.154078
0.007952
-0.088742
0.001587
-0.016809
0.071028
0.025782
0.017221
-0.042030
0.040607
-0.063318
-0.050234
-0.049024
0.050530
0.191812
-0.002150
0.163358
-0.081514
-0.046562
0.046662
0.054091
0.066855
0.134894
-0.013517
0.093886
0.024224
-0.232059
-0.079104
-0.040132
0.013074
0.048019
-0.019059
0.113184
-0.077026
0.001816
0.080536
-0.089762
0.108568
0.083322
-0.009591
0.004256
-0.003372
0.005708
0.107756
0.046852
-0.110804
-0.124595
0.054031
-0.215119
-0.127601
-0.047637
0.001357
0.115749
0.017826
0.295690
0.020847
0.074319
0.087552
-0.005994
0.082178
0.052450
0.022451
-0.049979
-0.032880
0.069091
-0.000275
0.036316
0.036348
0.025881
0.003935
0.051660
0.071893
0.117172
0.044417
-0.044147
-0.053598
0.055842
-0.124188
-0.040489
0.089379
-0.024727
-0.051643
0.105350
-0.218087
-0.003592
-0.035333
-0.037922
0.078293
0.127560
0.097067
0.054534
0.029875
-0.017456
0.003048
-0.132148
-0.040695
0.052389
-0.007221
0.071435
-0.126569
-0.043983
-0.080558
0.090352
-0.019072
-0.021645
-0.098908
-0.039077
-0.081186
-0.044707
0.183433
-0.093220
-0.018989
-0.071704
0.111104
-0.078320
-0.069689
0.032790
0.140141
0.021562
-0.045151
-0.210363
-0.299147
-0.004774
0.004023
0.100090
0.040680
-0.019958
0.108306
0.145451
-0.052783
0.078865
0.101013
-0.062039
0.048594
-0.001138
0.099306
0.093694
-0.175190
-0.017359
0.115806
0.043941
-0.084150
-0.038606
-0.087864
0.028668
-0.107128
0.103203
0.072037
0.141516
0.091261
0.086634
0.078161
0.049834
-0.158744
0.048692
-0.062794
-0.196793
0.134106
0.002183
-0.132644
0.028252
0.038969
0.018979
0.125562
-0.089800
0.077786
-0.078614
0.042112
0.056908
-0.037566
0.213110
-0.148107
-0.121095
-0.036271
-0.071990
0.097372
-0.046149
0.113835
-0.034394
0.069836
0.069274
0.012235
0.062255
0.031789
0.178995
0.201185
-0.025806
0.043883
0.099310
0.050503
0.167520
0.223495
-0.162234
-0.042674
0.114515
0.047586
-0.056085
-0.016649
0.014421
0.141760
-0.076124
0.021274
0.127201
0.091283
-0.007773
-0.019857
-0.146002
-0.139619
-0.070586
0.073070
0.071285
0.111562
0.079289
0.066591
0.017133
-0.063721
0.104773
-0.028698
-0.148876
0.040254
0.010100
0.205863
-0.019791
0.031727
-0.094154
0.059300
0.024111
-0.066067
0.022050
-0.105055
0.049832
-0.037099
0.031265
-0.074958
-0.063483
-0.012657
0.070648
0.011708
-0.198072
0.056696
-0.008643
0.053752
0.096880
0.069750
-0.060580
-0.029854
0.042376
0.085050
-0.064148
-0.052738
-0.082452
0.034333
-0.059978
0.194838
0.070317
0.099757
0.051417
-0.049326
-0.213010
0.122743
0.026445
-0.157943
0.238470
0.063393
0.134726
-0.019998
-0.148012
-0.064848
0.067204
-0.176475
-0.043975
0.097095
0.090735
0.007339
-0.214468
-0.021276
0.108806
0.073893
-0.032397
0.032619
0.049111
-0.032246
-0.061009
-0.057974
-0.069763
-0.005582
-0.002572
0.049790
0.050154
-0.010554
-0.178335
0.047765
-0.074054
0.146687
-0.024172
0.189032
0.054765
0.141645
0.017928
0.044442
-0.034004
-0.038041
-0.037990
0.064083
-0.092744
0.086934
-0.020376
0.053999
-0.080794
0.006457
-0.141408
-0.052693
-0.015546
-0.083954
-0.018630
0.010241
0.011690
-0.170374
-0.025107
-0.017689
-0.070925
-0.080211
0.160575
0.070054
0.083022
0.099754
-0.078176
-0.021372
-0.147696
0.015748
-0.159795
-0.060346
0.062147
0.045075
-0.081908
-0.074998
0.108755
0.037217
-0.042082
0.012042
0.010339
-0.089836
-0.046247
-0.175695
0.019870
0.006908
0.086573
0.085929
-0.037904
0.133611
-0.061051
0.078427
-0.043342
-0.051814
-0.103762
-0.005198
0.188326
0.013010
0.039480
-0.028328
0.042140
0.052172
0.039927
0.114899
-0.001876
0.035143
0.129511
0.052540
-0.062165
0.106928
0.053955
-0.066755
-0.064492
-0.032196
0.069656
0.028708
0.083107
0.206925
0.145869
0.010383
-0.054255
0.117445
-0.057920
-0.063881
-0.008430
0.024778
-0.020170
0.023316
-0.223215
-0.029559
0.004112
0.060443
0.030391
-0.017626
0.209510
0.083455
0.053210
0.027657
0.040010
-0.066778
-0.083891
0.020864
-0.131348
0.051198
-0.030902
0.060618
0.011445
-0.067552
-0.057337
-0.032935
0.110260
0.116457
-0.014266
0.012616
-0.065078
0.119314
0.021714
-0.052409
-0.107830
0.044660
0.157710
0.008971
-0.073343
-0.071240
-0.046375
-0.188621
0.075940
-0.046794
-0.151996
-0.244267
0.028793
0.017913
0.118952
0.083326
-0.034100
-0.143445
0.017351
-0.048018
0.007055
-0.132607
-0.025028
-0.018991
-0.107093
-0.146270
-0.185253
0.006049
0.100223
-0.003363
-0.215340
-0.004293
-0.140211
0.019711
0.144108
0.028833
-0.216311
0.087085
0.027379
0.156885
0.041711
0.057609
-0.150140
0.118820
-0.103711
-0.168430
0.042009
0.060638
0.120499
0.096039
0.030632
0.027464
0.071801
0.029990
0.038173
-0.169726
-0.009200
-0.030747
0.042431
-0.066396
0.078107
0.062153
-0.094012
0.002130
0.045371
-0.090539
-0.201594
-0.020866
0.020398
0.001435
0.090476
0.024873
0.134494
-0.047602
0.138003
-0.024292
0.041806
-0.156925
-0.064786
0.099334
0.005574
0.000865
-0.100837
0.066372
-0.083378
0.122248
0.051359
-0.046922
-0.068378
-0.043920
0.031562
0.020904
-0.135163
0.029032
-0.089692
0.153615
-0.157853
0.078390
-0.099910
0.031955
0.098901
0.039428
-0.098320
-0.128918
0.123643
-0.067645
0.065475
0.100200
-0.138617
0.165306
-0.010627
-0.016589
-0.082472
0.019455
0.040381
0.088209
0.087073
0.086168
-0.009211
-0.007669
0.010809
0.015993
0.106358
0.077286
-0.013538
-0.076983
-0.159908
-0.018190
0.001628
-0.156739
-0.030107
0.021251
0.018148
-0.118245
-0.056015
-0.122021
0.071224
0.023187
0.217690
-0.050294
0.127218
0.002728
0.007148
0.088247
-0.161683
-0.099948
0.127367
0.084037
0.156540
0.047223
-0.039846
0.071743
-0.036429
-0.005630
-0.010109
-0.072360
0.177337
0.060527
0.011356
0.033050
-0.047558
-0.031022
0.010265
0.027263
-0.181261
0.110183
-0.171610
-0.080786
-0.116643
0.008876
-0.147882
0.082566
0.057675
0.077559
0.066596
-0.027795
0.020176
-0.080876
-0.036729
0.036016
-0.106278
-0.025399
-0.042336
0.074114
0.044139
-0.036936
0.066473
0.161810
0.091492
0.007793
0.010620
-0.081221
-0.045359
0.023291
0.031477
-0.119471
-0.104506
-0.102926
-0.096827
-0.053762
-0.014059
-0.099622
-0.059460
-0.166485
-0.021193
0.017974
-0.047977
-0.133405
0.197458
-0.071969
0.032302
-0.185621
-0.066134
0.007847
-0.010510
0.008718
0.000514
-0.066638
-0.079671
-0.020233
-0.059345
-0.054953
0.029103
0.013859
-0.043442
0.084817
-0.011012
-0.025819
0.063507
0.015152
-0.137616
0.033240
-0.139406
-0.031886
0.018706
0.048957
-0.080946
-0.035964
0.059206
0.162500
0.158803
0.065375
0.134075
-0.049648
-0.023332
0.063018
0.062989
-0.131514
0.093874
-0.075274
-0.013212
-0.099936
-0.033326
0.084795
-0.111710
-0.056673
-0.003216
0.045676
0.139195
0.007319
0.084606
-0.132747
-0.047228
-0.202123
0.093148
-0.051288
0.047675
-0.091234
-0.094879
-0.087510
-0.062579
-0.028758
-0.146680
0.003456
0.043395
-0.155386
-0.133177
-0.099960
-0.080717
0.140195
0.057610
-0.110136
0.222247
0.062385
-0.110564
-0.145490
0.027752
-0.143827
0.008582
0.068207
-0.075581
-0.066844
-0.074922
0.104233
0.049708
0.036561
0.066102
-0.006487
-0.058282
0.022032
0.072218
-0.016798
-0.022427
-0.082873
0.112909
0.060972
0.014653
0.013818
0.029428
0.005189
0.080684
0.014921
0.062840
0.004883
-0.048425
0.095049
0.097375
0.128434
-0.035702
-0.052825
-0.155347
0.004713
-0.069008
0.100216
-0.097077
0.079858
-0.103188
-0.009824
0.106071
-0.039349
0.032558
0.058597
-0.112645
0.188611
-0.112847
-0.024909
0.016623
0.034301
0.083935
0.099626
-0.111905
-0.014053
-0.173516
0.023014
-0.056048
0.029113
-0.142944
-0.094215
0.041387
0.060167
-0.027190
-0.038211
-0.046944
-0.049204
-0.050747
0.214133
0.059512
-0.133732
-0.036186
-0.085505
0.013206
0.178292
0.103696
0.012044
0.033427
-0.010460
-0.084369
-0.049869
0.092757
-0.131789
0.106497
0.195363
0.005964
0.094964
0.016134
-0.023005
-0.170021
-0.060795
0.130126
0.007423
-0.025889
0.132131
-0.005258
-0.163626
-0.044162
0.127109
0.096897
-0.026378
0.070134
-0.008202
0.207322
0.064335
0.103001
0.044029
0.095450
0.062028
0.014179
-0.031281
-0.022284
-0.003709
0.071315
0.062076
0.124296
-0.006847
0.023500
-0.167824
-0.051816
-0.048305
0.005714
0.016564
-0.035003
0.037847
-0.034122
0.003036
-0.048512
0.019954
-0.045995
-0.015480
-0.064351
-0.109453
0.110127
-0.061315
0.090683
-0.026717
-0.001271
0.007452
-0.071924
-0.141270
0.065810
0.018404
-0.136595
-0.060310
-0.053121
0.090859
0.042846
-0.001570
0.092082
0.033991
-0.061401
-0.116437
0.081069
-0.142882
0.099016
-0.150158
-0.055807
0.101070
0.073072
0.096733
-0.125154
-0.026474
-0.006184
-0.035828
-0.050630
0.023070
-0.000835
-0.081544
-0.049120
-0.023939
-0.004404
-0.023551
-0.129679
0.005663
0.040179
0.129708
-0.043774
0.074889
-0.046997
0.104766
-0.011090
0.008639
-0.017297
0.013463
0.015862
-0.114881
0.056189
-0.084023
-0.014157
0.079771
-0.017029
-0.053542
0.141742
0.118432
0.120048
0.089456
0.043564
0.020044
-0.118142
-0.075274
-0.068694
0.092819
0.203968
0.069090
-0.014223
0.117516
-0.003006
-0.017031
-0.003399
0.095583
0.106880
0.027486
-0.084653
0.073737
-0.064315
-0.075279
-0.046801
-0.089243
-0.059761
0.146381
-0.081832
-0.005958
-0.126170
-0.068521
-0.030662
0.009138
0.008753
-0.006186
-0.059415
0.124411
0.059782
-0.045857
-0.020119
-0.038031
-0.001902
-0.053601
0.061630
0.078847
-0.010675
0.030645
-0.048058
0.105986
-0.033092
0.042321
0.031201
-0.077892
-0.151742
-0.063595
-0.088245
-0.054437
-0.007248
-0.007543
-0.045863
0.144923
-0.102923
0.079114
0.061485
-0.069423
0.167530
0.110653
0.027814
0.039996
0.006241
0.053251
-0.041499
0.097733
0.085569
-0.030596
-0.123982
0.096865
0.016882
-0.073594
0.122992
0.018866
-0.126599
0.080252
-0.097101
-0.158712
-0.062045
-0.017769
-0.157436
0.197552
0.024200
0.017174
-0.016967
0.024981
-0.069522
-0.023696
0.097633
-0.023891
0.018752
-0.018071
0.160441
0.102832
0.037143
0.066152
0.031540
0.027748
0.233424
-0.187013
-0.012180
0.005342
0.082485
-0.126609
-0.053606
0.035702
-0.161511
0.047986
0.186557
-0.079033
-0.172386
0.058530
-0.022906
0.178923
-0.033262
-0.053555
0.101926
0.111147
0.094834
0.196064
0.052167
0.006134
-0.043655
-0.009107
-0.037797
-0.045167
-0.089957
-0.199377
0.038569
0.036483
-0.142707
0.075774
-0.236829
-0.041835
0.013190
-0.029832
0.063959
0.104643
0.103713
0.011231
0.138916
-0.030469
-0.045950
-0.053576
-0.060900
-0.034878
-0.112377
-0.138486
0.133188
0.051372
0.084917
0.030951
-0.089144
0.112038
0.064513
-0.102437
0.065689
-0.177576
0.087449
-0.072076
0.088272
-0.071480
0.092775
0.031894
0.052567
0.025039
0.046326
0.058421
0.068341
-0.192602
-0.032222
-0.045448
-0.025621
-0.011752
0.172612
0.048058
-0.120478
-0.038281
0.083577
-0.093228
0.019935
-0.049960
0.030901
-0.017383
-0.002882
-0.022567
-0.070954
0.106523
0.032623
0.010609
0.132541
0.024025
-0.002533
0.018610
-0.033262
-0.068113
0.158118
-0.068233
0.106698
0.040408
