-0.000000
-0.020269
-0.042378
-0.065564
-0.088922
-0.111425
-0.131961
-0.149358
-0.162435
-0.170037
-0.171089
-0.164634
-0.149882
-0.126250
-0.093393
-0.051239
0.000000
0.059813
0.127393
0.201648
0.281224
0.364539
0.449822
0.535166
0.618584
0.698070
0.771659
0.837495
0.893890
0.939374
0.972753
0.993142
1.000000
0.993142
0.972753
0.939374
0.893890
0.837495
0.771659
0.698070
0.618584
0.535166
0.449822
0.364539
0.281224
0.201648
0.127393
0.059813
0.000000
-0.051239
-0.093393
-0.126250
-0.149882
-0.164634
-0.171089
-0.170037
-0.162435
-0.149358
-0.131961
-0.111425
-0.088922
-0.065564
-0.042378
-0.020269
-0.000000
